
sh07 = [[0.0,  27.0,  12.1,  17.7,  11.0,  29.2,  22.4],
        [27.0,   0.0,  16.8,  11.2,  29.2,  11.0,  31.8],
        [12.1,  16.8,   0.0,   6.0,  12.5,  17.1,  27.9],
        [17.7,  11.2,   6.0,   0.0,  18.0,  11.7,  30.0],
        [11.0,  29.2,  12.5,  18.0,   0.0,  27.0,  33.2],
        [29.2,  11.0,  17.1,  11.7,  27.0,   0.0,  40.2],
        [22.4,  31.8,  27.9,  30.0,  33.2,  40.2,   0.0]]

sp11 = [[0,  8, 50, 31, 12, 48, 36,  2,  5, 39, 10, ],
        [8,  0, 38,  9, 33, 37, 22,  6,  4, 14, 32, ],
        [50, 38,  0, 11, 55,  1, 23, 46, 41, 17, 52, ],
        [31,  9, 11,  0, 44, 13, 16, 19, 25, 18, 42, ],
        [12, 33, 55, 44,  0, 54, 53, 30, 28, 45,  7, ],
        [48, 37,  1, 13, 54,  0, 26, 47, 40, 24, 51, ],
        [36, 22, 23, 16, 53, 26,  0, 29, 35, 34, 49, ],
        [2,  6, 46, 19, 30, 47, 29,  0,  3, 27, 15, ],
        [5,  4, 41, 25, 28, 40, 35,  3,  0, 20, 21, ],
        [39, 14, 17, 18, 45, 24, 34, 27, 20,  0, 43, ],
        [10, 32, 52, 42,  7, 51, 49, 15, 21, 43,  0, ], ]

uk12 = [[0, 300, 352, 466, 217, 238, 431, 336, 451,  47, 415, 515, ],
        [300,   0, 638, 180, 595, 190, 138, 271, 229, 236, 214, 393, ],
        [352, 638,   0, 251,  88, 401, 189, 386, 565, 206, 292, 349, ],
        [466, 180, 251,   0, 139, 371, 169, 316, 180, 284, 206, 198, ],
        [217, 595,  88, 139,   0, 310, 211, 295, 474, 130, 133, 165, ],
        [238, 190, 401, 371, 310,   0, 202, 122, 378, 157, 362, 542, ],
        [431, 138, 189, 169, 211, 202,   0, 183, 67, 268, 117, 369, ],
        [336, 271, 386, 316, 295, 122, 183,   0, 483, 155, 448, 108, ],
        [451, 229, 565, 180, 474, 378,  67, 483, 0, 299, 246, 418, ],
        [47, 236, 206, 284, 130, 157, 268, 155, 299,   0, 202, 327, ],
        [415, 214, 292, 206, 133, 362, 117, 448, 246, 202,   0, 394, ],
        [515, 393, 349, 198, 165, 542, 368, 108, 418, 327, 394,   0, ]]

lau15 = [[0, 29, 82, 46, 68, 52, 72, 42, 51, 55, 29,  74, 23, 72, 46],
         [29, 0, 55, 46, 42, 43, 43, 23, 23, 31, 41,  51, 11, 52, 21],
         [82, 55, 0, 68, 46, 55, 23, 43, 41, 29, 79,  21, 64, 31, 51],
         [46, 46, 68, 0, 82, 15, 72, 31, 62, 42, 21,  51, 51, 43, 64],
         [68, 42, 46, 82, 0, 74, 23, 52, 21, 46, 82,  58, 46, 65, 23],
         [52, 43, 55, 15, 74, 0, 61, 23, 55, 31, 33,  37, 51, 29, 59],
         [72, 43, 23, 72, 23, 61, 0, 42, 23, 31, 77,  37, 51, 46, 33],
         [42, 23, 43, 31, 52, 23, 42, 0, 33, 15, 37,  33, 33, 31, 37],
         [51, 23, 41, 62, 21, 55, 23, 33, 0, 29, 62,  46, 29, 51, 11],
         [55, 31, 29, 42, 46, 31, 31, 15, 29, 0, 51,  21, 41, 23, 37],
         [29, 41, 79, 21, 82, 33, 77, 37, 62, 51, 0,  65, 42, 59, 61],
         [74, 51, 21, 51, 58, 37, 37, 33, 46, 21, 65,   0, 61, 11, 55],
         [23, 11, 64, 51, 46, 51, 51, 33, 29, 41, 42,  61, 0, 62, 23],
         [72, 52, 31, 43, 65, 29, 46, 31, 51, 23, 59,  11, 62, 0, 59],
         [46, 21, 51, 64, 23, 59, 33, 37, 11, 37, 61,  55, 23, 59, 0], ]

wg22 = [[0, 144, 114, 105,  31, 109, 135, 132,  85,  79, 158,  20,  73, 162, 127, 190, 156,  58,  87,  71, 154,  55, ],
        [144,   0, 144, 181, 147,  76, 195,  73,  64, 114, 220, 135,
         71,  18,  39,  60,  37, 101,  62, 146, 205, 153, ],
        [114, 144,   0,  49,  86, 169,  51,  78, 130,  42,  76,  94,
         114, 154, 105, 151, 125, 137,  94,  46,  61,  66, ],
        [105, 181,  49,   0,  73, 189,  31, 124, 152,  67,  52,  88,
         135, 195, 146, 197, 169, 147, 123,  40,  51,  49, ],
        [31, 147,  86,  73,   0, 128, 104, 119,  97,  57, 126,  17,
         82, 164, 122, 184, 151,  80,  85,  40, 123,  24, ],
        [109,  76, 169, 189, 128,   0, 212, 126,  38, 128, 238, 112,
         54,  92,  95, 137, 110,  51,  77, 148, 227, 146, ],
        [135, 195,  51,  31, 104, 212,   0, 129, 174,  85,  26, 118,
         157, 206, 157, 201, 176, 173, 141,  67,  19,  79, ],
        [132,  73,  78, 124, 119, 126, 129,   0,  92,  65, 153, 115,
         84,  80,  35,  73,  47, 118,  55,  98, 136, 113, ],
        [85,  64, 130, 152,  97,  38, 174,  92,   0,  90, 200,  82,
         17,  82,  66, 120,  89,  36,  39, 112, 189, 111, ],
        [79, 114,  42,  67,  57, 128,  85,  65,  90,   0, 111,  59,
         73, 128,  80, 137, 106,  95,  57,  33,  99,  48, ],
        [158, 220,  76,  52, 126, 238,  26, 153, 200, 111,   0, 141,
         183, 231, 182, 224, 201, 198, 167,  91,  19, 102, ],
        [20, 135,  94,  88,  17, 112, 118, 115,  82,  59, 141,   0,
         67, 153, 114, 177, 142,  63,  75,  52, 137,  39, ],
        [73,  71, 114, 135,  82,  54, 157,  84,  17,  73, 183,  67,
         0,  90,  64, 123,  89,  35,  28,  95, 172,  95, ],
        [162,  18, 154, 195, 164,  92, 206,  80,  82, 128, 231, 153,
         90,   0,  49,  47,  35, 119,  79, 161, 214, 169, ],
        [127,  39, 105, 146, 122,  95, 157,  35,  66,  80, 182, 114,
         64,  49,   0,  62,  28,  99,  40, 113, 166, 124, ],
        [190,  60, 151, 197, 184, 137, 201,  73, 120, 137, 224, 177,
         123,  47,  62,   0,  34, 156, 102, 170, 206, 183, ],
        [156,  37, 125, 169, 151, 110, 176,  47,  89, 106, 201, 142,
         89,  35,  28,  34,   0, 123,  68, 139, 183, 151, ],
        [58, 101, 137, 147,  80,  51, 173, 118,  36,  95, 198,  63,
         35, 119,  99, 156, 123,   0,  63, 106, 190, 100, ],
        [87,  62,  94, 123,  85,  77, 141,  55,  39,  57, 167,  75,
         28,  79,  40, 102,  68,  63,   0,  85, 154,  91, ],
        [71, 146,  46,  40,  40, 148,  67,  98, 112,  33,  91,  52,
         95, 161, 113, 170, 139, 106,  85,   0,  85,  20, ],
        [154, 205,  61,  51, 123, 227,  19, 136, 189,  99,  19, 137,
         172, 214, 166, 206, 183, 190, 154,  85,   0,  98, ],
        [55, 153,  66,  49,  24, 146,  79, 113, 111,  48, 102,  39,  95, 169, 124, 183, 151, 100,  91,  20,  98,   0, ]]

wg59 = [[0, 146, 145, 181, 77, 147, 76, 100, 195, 151, 49, 84, 64, 114, 29, 108, 135, 32, 64, 88, 18, 153, 145, 39, 188, 37, 219, 44, 24, 57, 144, 38, 74, 57, 58, 126, 144, 189, 69, 140, 144, 151, 44, 84, 85, 40, 149, 127, 138, 40, 19, 220, 71, 106, 72, 160, 42, 101, 116],
        [146, 0, 35, 40, 80, 40, 148, 51, 67, 30, 109, 99, 112, 33, 165, 65, 52, 154, 92, 74, 161, 20, 50, 113, 43, 139, 86, 120, 139, 88,
            71, 108, 78, 95, 102, 57, 46, 47, 87, 27, 47, 47, 108, 71, 61, 111, 37, 42, 33, 116, 134, 91, 95, 43, 130, 14, 129, 106, 45],
        [145, 35, 0, 69, 69, 5, 129, 45, 100, 66, 100, 79, 97, 52, 158, 43, 19, 160, 104, 60, 162, 20, 15, 119, 66, 147, 115, 110, 132,
            89, 36, 110, 71, 104, 113, 28, 81, 74, 99, 10, 12, 12, 114, 61, 67, 116, 4, 18, 7, 123, 137, 122, 81, 41, 111, 35, 119, 81, 29],
        [181, 40, 69, 0, 120, 73, 189, 91, 31, 33, 149, 140, 152, 67, 203, 105, 88, 185, 122, 115, 195, 49, 84, 146, 13, 169, 46, 160, 177, 125,
            105, 143, 118, 127, 131, 96, 49, 7, 117, 63, 81, 78, 140, 111, 97, 144, 69, 81, 70, 148, 168, 52, 135, 83, 170, 34, 169, 147, 86],
        [77, 80, 69, 120, 0, 71, 70, 29, 141, 96, 31, 27, 32, 57, 89, 31, 58, 97, 57, 11, 94, 81, 68, 60, 123, 88, 164, 41, 63,
            30, 68, 47, 6, 53, 64, 49, 98, 127, 56, 66, 67, 74, 57, 9, 33, 57, 73, 51, 63, 65, 73, 167, 16, 37, 52, 91, 50, 45, 40],
        [147, 40, 5, 73, 71, 0, 128, 48, 104, 71, 102, 79, 97, 57, 160, 43, 17, 163, 107, 61, 164, 24, 10, 122, 69, 151, 119, 111, 134,
            92, 31, 113, 73, 108, 117, 27, 86, 77, 103, 15, 8, 7, 118, 63, 71, 119, 4, 20, 11, 126, 140, 126, 82, 44, 111, 39, 120, 80, 31],
        [76, 148, 129, 189, 70, 128, 0, 98, 212, 167, 50, 50, 38, 128, 61, 86, 112, 109, 109, 74, 92, 146, 121, 95, 190, 110, 234, 43, 53, 83,
            109, 81, 74, 101, 110, 101, 169, 195, 111, 130, 122, 128, 96, 79, 102, 93, 132, 112, 125, 99, 89, 238, 54, 106, 18, 158, 38, 51, 104],
        [100, 51, 45, 91, 29, 48, 98, 0, 114, 69, 59, 50, 61, 32, 116, 26, 40, 115, 61, 24, 117, 53, 49, 74, 94, 103, 135, 70, 90,
            44, 57, 65, 27, 60, 70, 35, 74, 98, 58, 39, 47, 53, 70, 20, 25, 71, 49, 28, 38, 78, 92, 139, 44, 8, 80, 62, 78, 62, 17],
        [195, 67, 100, 31, 141, 104, 212, 114, 0, 45, 168, 164, 174, 85, 219, 132, 118, 193, 132, 138, 206, 79, 114, 157, 41, 176, 25, 179, 194, 141,
            135, 157, 138, 138, 140, 124, 51, 31, 126, 93, 111, 109, 151, 133, 114, 155, 99, 109, 99, 157, 179, 26, 157, 105, 194, 64, 188, 173, 112],
        [151, 30, 66, 33, 96, 71, 167, 69, 45, 0, 123, 120, 129, 39, 174, 90, 82, 152, 90, 94, 163, 50, 81, 114, 44, 136, 69, 133, 149, 96,
            101, 113, 93, 95, 99, 86, 18, 41, 84, 57, 78, 78, 108, 88, 69, 112, 68, 70, 63, 115, 136, 71, 112, 61, 149, 38, 142, 131, 71],
        [49, 109, 100, 149, 31, 102, 50, 59, 168, 123, 0, 35, 18, 83, 58, 60, 88, 76, 59, 40, 68, 112, 98, 48, 152, 71, 191, 11, 32,
            32, 95, 33, 31, 51, 60, 78, 121, 156, 60, 97, 97, 104, 48, 39, 54, 45, 104, 82, 94, 53, 51, 194, 22, 66, 36, 122, 20, 52, 71],
        [84, 99, 79, 140, 27, 79, 50, 50, 164, 120, 35, 0, 21, 82, 87, 36, 63, 111, 82, 25, 102, 96, 73, 80, 140, 105, 185, 40, 64,
            53, 64, 65, 33, 77, 87, 52, 124, 146, 82, 80, 73, 80, 78, 33, 61, 77, 83, 62, 75, 85, 86, 190, 16, 58, 32, 108, 45, 19, 54],
        [64, 112, 97, 152, 32, 97, 38, 61, 174, 129, 18, 21, 0, 90, 65, 54, 82, 93, 75, 38, 82, 111, 92, 66, 155, 89, 196, 19, 43, 47,
            85, 51, 36, 68, 78, 72, 130, 159, 76, 96, 92, 99, 66, 41, 64, 64, 100, 79, 91, 71, 69, 200, 17, 69, 20, 123, 24, 36, 69],
        [114, 33, 52, 67, 57, 57, 128, 32, 85, 39, 83, 82, 90, 0, 136, 57, 59, 120, 59, 56, 128, 48, 64, 80, 73, 106, 108, 94, 110,
            57, 79, 76, 53, 62, 68, 59, 42, 74, 53, 42, 61, 64, 75, 49, 30, 78, 56, 45, 46, 83, 102, 111, 73, 25, 110, 48, 103, 95, 40],
        [29, 165, 158, 203, 89, 160, 61, 116, 219, 174, 58, 87, 65, 136, 0, 117, 146, 58, 91, 98, 35, 170, 156, 67, 208, 66, 243, 48, 26, 78,
            151, 62, 88, 83, 86, 136, 169, 210, 95, 155, 155, 162, 71, 97, 105, 67, 162, 140, 152, 69, 48, 245, 78, 123, 64, 178, 41, 99, 129],
        [108, 65, 43, 105, 31, 43, 86, 26, 132, 90, 60, 36, 54, 57, 117, 0, 28, 128, 82, 19, 126, 60, 38, 90, 105, 118, 151, 69, 92,
            59, 37, 77, 35, 80, 90, 18, 98, 111, 80, 44, 38, 45, 86, 26, 49, 87, 47, 26, 39, 95, 104, 157, 38, 31, 68, 73, 76, 41, 19],
        [135, 52, 19, 88, 58, 17, 112, 40, 118, 82, 88, 63, 82, 59, 146, 28, 0, 154, 102, 47, 153, 39, 10, 114, 85, 142, 134, 97, 120, 83,
            20, 103, 61, 101, 111, 10, 94, 93, 98, 25, 10, 16, 110, 51, 66, 111, 21, 14, 19, 118, 130, 141, 67, 40, 95, 54, 105, 63, 23],
        [32, 154, 160, 185, 97, 163, 109, 115, 193, 152, 76, 111, 93, 120, 58, 128, 154, 0, 62, 109, 23, 165, 163, 41, 193, 16, 218, 74, 56, 71,
            166, 51, 93, 58, 53, 146, 141, 192, 67, 154, 162, 168, 46, 103, 94, 43, 164, 144, 153, 38, 24, 217, 96, 119, 104, 168, 74, 129, 132],
        [64, 92, 104, 122, 57, 107, 109, 61, 132, 90, 59, 82, 75, 59, 91, 82, 102, 62, 0, 67, 73, 105, 110, 25, 131, 47, 157, 66, 69,
            29, 118, 30, 51, 8, 9, 96, 80, 130, 5, 96, 108, 113, 20, 58, 36, 24, 108, 89, 96, 25, 47, 157, 67, 63, 95, 107, 73, 101, 79],
        [88, 74, 60, 115, 11, 61, 74, 24, 138, 94, 40, 25, 38, 56, 98, 19, 47, 109, 67, 0, 106, 73, 58, 71, 117, 99, 160, 50, 73,
            41, 57, 58, 16, 63, 74, 38, 98, 121, 65, 58, 57, 63, 68, 9, 38, 68, 64, 41, 54, 76, 84, 164, 21, 32, 55, 85, 58, 39, 31],
        [18, 161, 162, 195, 94, 164, 92, 117, 206, 163, 68, 102, 82, 128, 35, 126, 153, 23, 73, 106, 0, 169, 163, 49, 202, 35, 231, 63, 41, 73,
            162, 52, 91, 67, 66, 144, 154, 202, 79, 157, 162, 168, 54, 101, 99, 50, 166, 144, 155, 48, 26, 231, 90, 122, 89, 175, 60, 119, 133],
        [153, 20, 20, 49, 81, 24, 146, 53, 79, 50, 112, 96, 111, 48, 170, 60, 39, 165, 105, 73, 169, 0, 34, 124, 46, 151, 95, 123, 143, 96,
            55, 117, 81, 107, 115, 47, 66, 54, 100, 16, 32, 29, 119, 72, 71, 121, 19, 34, 21, 127, 144, 102, 95, 47, 128, 15, 131, 100, 42],
        [145, 50, 15, 84, 68, 10, 121, 49, 114, 81, 98, 73, 92, 64, 156, 38, 10, 163, 110, 58, 163, 34, 0, 123, 79, 151, 129, 108, 131,
            92, 21, 112, 71, 110, 119, 20, 95, 88, 106, 24, 3, 7, 119, 61, 73, 120, 15, 20, 18, 127, 140, 136, 77, 47, 105, 50, 115, 72, 31],
        [39, 113, 119, 146, 60, 122, 95, 74, 157, 114, 48, 80, 66, 80, 67, 90, 114, 41, 25, 71, 49, 124, 123, 0, 153, 28, 181, 52, 48, 31,
            127, 15, 55, 18, 18, 106, 105, 153, 30, 113, 121, 127, 5, 64, 53, 3, 123, 103, 112, 5, 22, 182, 64, 78, 83, 128, 56, 99, 92],
        [188, 43, 66, 13, 123, 69, 190, 94, 41, 44, 152, 140, 155, 73, 208, 105, 85, 193, 131, 117, 202, 46, 79, 153, 0, 178, 50, 163, 182, 131,
            100, 150, 121, 135, 140, 93, 61, 10, 125, 62, 77, 73, 148, 114, 103, 151, 64, 80, 68, 156, 175, 58, 138, 86, 172, 32, 172, 146, 86],
        [37, 139, 147, 169, 88, 151, 110, 103, 176, 136, 71, 105, 89, 106, 66, 118, 142, 16, 47, 99, 35, 151, 151, 28, 178, 0, 201, 71, 58, 59,
            156, 41, 83, 43, 37, 135, 125, 177, 52, 140, 150, 156, 32, 92, 80, 31, 151, 131, 140, 24, 21, 201, 89, 106, 102, 154, 73, 123, 120],
        [219, 86, 115, 46, 164, 119, 234, 135, 25, 69, 191, 185, 196, 108, 243, 151, 134, 218, 157, 160, 231, 95, 129, 181, 50, 201, 0, 202, 218, 165,
            150, 181, 161, 163, 165, 142, 76, 41, 151, 110, 127, 123, 176, 155, 138, 180, 114, 127, 116, 182, 204, 10, 179, 127, 215, 80, 211, 193, 132],
        [44, 120, 110, 160, 41, 111, 43, 70, 179, 133, 11, 40, 19, 94, 48, 69, 97, 74, 66, 50, 63, 123, 108, 52, 163, 71, 202, 0, 24, 41,
            103, 38, 42, 58, 67, 87, 132, 167, 68, 108, 107, 114, 53, 50, 65, 50, 114, 92, 104, 56, 51, 205, 30, 77, 31, 132, 9, 56, 81],
        [24, 139, 132, 177, 63, 134, 53, 90, 194, 149, 32, 64, 43, 110, 26, 92, 120, 56, 69, 73, 41, 143, 131, 48, 182, 58, 218, 24, 0, 53,
            127, 39, 62, 61, 66, 111, 144, 184, 73, 129, 130, 137, 51, 71, 80, 47, 136, 114, 126, 51, 37, 220, 53, 97, 48, 152, 19, 79, 103],
        [57, 88, 89, 125, 30, 92, 83, 44, 141, 96, 32, 53, 47, 57, 78, 59, 83, 71, 29, 41, 73, 96, 92, 31, 131, 59, 165, 41, 53, 0,
            96, 20, 24, 23, 34, 75, 92, 132, 29, 84, 91, 97, 27, 33, 27, 28, 94, 73, 82, 35, 48, 167, 37, 49, 67, 102, 49, 72, 61],
        [144, 71, 36, 105, 68, 31, 109, 57, 135, 101, 95, 64, 85, 79, 151, 37, 20, 166, 118, 57, 162, 55, 21, 127, 100, 156, 150, 103, 127,
            96, 0, 115, 72, 116, 127, 22, 114, 109, 115, 44, 24, 26, 124, 63, 83, 124, 36, 33, 38, 132, 142, 158, 73, 59, 94, 71, 110, 58, 41],
        [38, 108, 110, 143, 47, 113, 81, 65, 157, 113, 33, 65, 51, 76, 62, 77, 103, 51, 30, 58, 52, 117, 112, 15, 150, 41, 181, 38, 39,
            20, 115, 0, 42, 22, 29, 95, 107, 151, 34, 104, 111, 117, 14, 52, 47, 12, 114, 93, 103, 20, 27, 183, 49, 70, 68, 122, 43, 84, 82],
        [74, 78, 71, 118, 6, 73, 74, 27, 138, 93, 31, 33, 36, 53, 88, 35, 61, 93, 51, 16, 91, 81, 71, 55, 121, 83, 161, 42, 62,
            24, 72, 42, 0, 47, 58, 52, 94, 125, 50, 67, 70, 76, 51, 9, 28, 52, 75, 53, 64, 60, 69, 164, 20, 35, 56, 90, 51, 51, 41],
        [57, 95, 104, 127, 53, 108, 101, 60, 138, 95, 51, 77, 68, 62, 83, 80, 101, 58, 8, 63, 67, 107, 110, 18, 135, 43, 163, 58, 61,
            23, 116, 22, 47, 0, 11, 94, 87, 135, 12, 97, 107, 113, 13, 54, 37, 17, 108, 89, 97, 20, 41, 163, 61, 63, 87, 110, 65, 96, 78],
        [58, 102, 113, 131, 64, 117, 110, 70, 140, 99, 60, 87, 78, 68, 86, 90, 111, 53, 9, 74, 66, 115, 119, 18, 140, 37, 165, 67, 66, 34,
            127, 29, 58, 11, 0, 105, 89, 139, 15, 106, 117, 123, 15, 65, 46, 19, 117, 99, 106, 18, 40, 165, 71, 72, 96, 117, 72, 106, 88],
        [126, 57, 28, 96, 49, 27, 101, 35, 124, 86, 78, 52, 72, 59, 136, 18, 10, 146, 96, 38, 144, 47, 20, 106, 93, 135, 142, 87, 111,
            75, 22, 95, 52, 94, 105, 0, 97, 101, 93, 32, 20, 27, 102, 43, 60, 103, 31, 15, 26, 111, 122, 148, 57, 37, 84, 62, 95, 53, 19],
        [144, 46, 81, 49, 98, 86, 169, 74, 51, 18, 121, 124, 130, 42, 169, 98, 94, 141, 80, 98, 154, 66, 95, 105, 61, 125, 76, 132, 144,
            92, 114, 107, 94, 87, 89, 97, 0, 56, 75, 71, 92, 93, 100, 91, 67, 104, 83, 82, 77, 106, 128, 76, 114, 67, 151, 56, 141, 137, 80],
        [189, 47, 74, 7, 127, 77, 195, 98, 31, 41, 156, 146, 159, 74, 210, 111, 93, 192, 130, 121, 202, 54, 88, 153, 10, 177, 41, 167, 184, 132,
            109, 151, 125, 135, 139, 101, 56, 0, 124, 69, 85, 82, 148, 118, 104, 151, 73, 86, 75, 155, 175, 48, 142, 90, 177, 39, 176, 152, 92],
        [69, 87, 99, 117, 56, 103, 111, 58, 126, 84, 60, 82, 76, 53, 95, 80, 98, 67, 5, 65, 79, 100, 106, 30, 125, 52, 151, 68, 73, 29,
            115, 34, 50, 12, 15, 93, 75, 124, 0, 91, 104, 109, 25, 56, 32, 29, 103, 86, 92, 31, 52, 152, 67, 59, 96, 102, 76, 101, 75],
        [140, 27, 10, 63, 66, 15, 130, 39, 93, 57, 97, 80, 96, 42, 155, 44, 25, 154, 96, 58, 157, 16, 24, 113, 62, 140, 110, 108, 129,
            84, 44, 104, 67, 97, 106, 32, 71, 69, 91, 0, 21, 22, 108, 57, 60, 110, 13, 18, 6, 116, 132, 116, 79, 34, 112, 30, 116, 84, 26],
        [144, 47, 12, 81, 67, 8, 122, 47, 111, 78, 97, 73, 92, 61, 155, 38, 10, 162, 108, 57, 162, 32, 3, 121, 77, 150, 127, 107, 130, 91,
            24, 111, 70, 107, 117, 20, 92, 85, 104, 21, 0, 6, 117, 60, 71, 118, 12, 18, 15, 125, 138, 134, 77, 45, 105, 47, 115, 73, 29],
        [151, 47, 12, 78, 74, 7, 128, 53, 109, 78, 104, 80, 99, 64, 162, 45, 16, 168, 113, 63, 168, 29, 7, 127, 73, 156, 123, 114, 137,
            97, 26, 117, 76, 113, 123, 27, 93, 82, 109, 22, 6, 0, 123, 66, 76, 124, 10, 24, 18, 131, 145, 131, 84, 50, 111, 45, 122, 79, 35],
        [44, 108, 114, 140, 57, 118, 96, 70, 151, 108, 48, 78, 66, 75, 71, 86, 110, 46, 20, 68, 54, 119, 119, 5, 148, 32, 176, 53, 51,
            27, 124, 14, 51, 13, 15, 102, 100, 148, 25, 108, 117, 123, 0, 60, 48, 4, 119, 99, 107, 8, 27, 177, 62, 73, 83, 122, 58, 97, 87],
        [84, 71, 61, 111, 9, 63, 79, 20, 133, 88, 39, 33, 41, 49, 97, 26, 51, 103, 58, 9, 101, 72, 61, 64, 114, 92, 155, 50, 71,
            33, 63, 52, 9, 54, 65, 43, 91, 118, 56, 57, 60, 66, 60, 0, 29, 61, 65, 43, 55, 69, 79, 159, 24, 28, 60, 82, 59, 48, 32],
        [85, 61, 67, 97, 33, 71, 102, 25, 114, 69, 54, 61, 64, 30, 105, 49, 66, 94, 36, 38, 99, 71, 73, 53, 103, 80, 138, 65, 80,
            27, 83, 47, 28, 37, 46, 60, 67, 104, 32, 60, 71, 76, 48, 29, 0, 50, 71, 53, 60, 56, 73, 140, 49, 26, 84, 75, 74, 77, 43],
        [40, 111, 116, 144, 57, 119, 93, 71, 155, 112, 45, 77, 64, 78, 67, 87, 111, 43, 24, 68, 50, 121, 120, 3, 151, 31, 180, 50, 47, 28,
            124, 12, 52, 17, 19, 103, 104, 151, 29, 110, 118, 124, 4, 61, 50, 0, 121, 100, 109, 8, 24, 181, 61, 75, 81, 125, 55, 96, 89],
        [149, 37, 4, 69, 73, 4, 132, 49, 99, 68, 104, 83, 100, 56, 162, 47, 21, 164, 108, 64, 166, 19, 15, 123, 64, 151, 114, 114, 136, 94,
            36, 114, 75, 108, 117, 31, 83, 73, 103, 13, 12, 10, 119, 65, 71, 121, 0, 22, 11, 127, 142, 121, 85, 45, 115, 35, 122, 84, 33],
        [127, 42, 18, 81, 51, 20, 112, 28, 109, 70, 82, 62, 79, 45, 140, 26, 14, 144, 89, 41, 144, 34, 20, 103, 80, 131, 127, 92, 114,
            73, 33, 93, 53, 89, 99, 15, 82, 86, 86, 18, 18, 24, 99, 43, 53, 100, 22, 0, 13, 107, 120, 133, 62, 27, 94, 48, 100, 65, 11],
        [138, 33, 7, 70, 63, 11, 125, 38, 99, 63, 94, 75, 91, 46, 152, 39, 19, 153, 96, 54, 155, 21, 18, 112, 68, 140, 116, 104, 126,
            82, 38, 103, 64, 97, 106, 26, 77, 75, 92, 6, 15, 18, 107, 55, 60, 109, 11, 13, 0, 116, 130, 122, 75, 34, 107, 36, 113, 78, 22],
        [40, 116, 123, 148, 65, 126, 99, 78, 157, 115, 53, 85, 71, 83, 69, 95, 118, 38, 25, 76, 48, 127, 127, 5, 156, 24, 182, 56, 51, 35,
            132, 20, 60, 20, 18, 111, 106, 155, 31, 116, 125, 131, 8, 69, 56, 8, 127, 107, 116, 0, 22, 183, 69, 82, 88, 130, 61, 104, 96],
        [19, 134, 137, 168, 73, 140, 89, 92, 179, 136, 51, 86, 69, 102, 48, 104, 130, 24, 47, 84, 26, 144, 140, 22, 175, 21, 204, 51, 37, 48,
            142, 27, 69, 41, 40, 122, 128, 175, 52, 132, 138, 145, 27, 79, 73, 24, 142, 120, 130, 22, 0, 204, 72, 97, 81, 149, 51, 104, 109],
        [220, 91, 122, 52, 167, 126, 238, 139, 26, 71, 194, 190, 200, 111, 245, 157, 141, 217, 157, 164, 231, 102, 136, 182, 58, 201, 10, 205, 220, 167,
            158, 183, 164, 163, 165, 148, 76, 48, 152, 116, 134, 131, 177, 159, 140, 181, 121, 133, 122, 183, 204, 0, 183, 131, 219, 86, 214, 198, 137],
        [71, 95, 81, 135, 16, 82, 54, 44, 157, 112, 22, 16, 17, 73, 78, 38, 67, 96, 67, 21, 90, 95, 77, 64, 138, 89, 179, 30, 53,
            37, 73, 49, 20, 61, 71, 57, 114, 142, 67, 79, 77, 84, 62, 24, 49, 61, 85, 62, 75, 69, 72, 183, 0, 52, 36, 106, 38, 35, 53],
        [106, 43, 41, 83, 37, 44, 106, 8, 105, 61, 66, 58, 69, 25, 123, 31, 40, 119, 63, 32, 122, 47, 47, 78, 86, 106, 127, 77, 97,
            49, 59, 70, 35, 63, 72, 37, 67, 90, 59, 34, 45, 50, 73, 28, 26, 75, 45, 27, 34, 82, 97, 131, 52, 0, 88, 55, 86, 70, 18],
        [72, 130, 111, 170, 52, 111, 18, 80, 194, 149, 36, 32, 20, 110, 64, 68, 95, 104, 95, 55, 89, 128, 105, 83, 172, 102, 215, 31, 48,
            67, 94, 68, 56, 87, 96, 84, 151, 177, 96, 112, 105, 111, 83, 60, 84, 81, 115, 94, 107, 88, 81, 219, 36, 88, 0, 140, 30, 37, 86],
        [160, 14, 35, 34, 91, 39, 158, 62, 64, 38, 122, 108, 123, 48, 178, 73, 54, 168, 107, 85, 175, 15, 50, 128, 32, 154, 80, 132, 152,
            102, 71, 122, 90, 110, 117, 62, 56, 39, 102, 30, 47, 45, 122, 82, 75, 125, 35, 48, 36, 130, 149, 86, 106, 55, 140, 0, 141, 114, 54],
        [42, 129, 119, 169, 50, 120, 38, 78, 188, 142, 20, 45, 24, 103, 41, 76, 105, 74, 73, 58, 60, 131, 115, 56, 172, 73, 211, 9, 19, 49,
            110, 43, 51, 65, 72, 95, 141, 176, 76, 116, 115, 122, 58, 59, 74, 55, 122, 100, 113, 61, 51, 214, 38, 86, 30, 141, 0, 60, 90],
        [101, 106, 81, 147, 45, 80, 51, 62, 173, 131, 52, 19, 36, 95, 99, 41, 63, 129, 101, 39, 119, 100, 72, 99, 146, 123, 193, 56, 79,
            72, 58, 84, 51, 96, 106, 53, 137, 152, 101, 84, 73, 79, 97, 48, 77, 96, 84, 65, 78, 104, 104, 198, 35, 70, 37, 114, 60, 0, 60],
        [116, 45, 29, 86, 40, 31, 104, 17, 112, 71, 71, 54, 69, 40, 129, 19, 23, 132, 79, 31, 133, 42, 31, 92, 86, 120, 132, 81, 103, 61, 41, 82, 41, 78, 88, 19, 80, 92, 75, 26, 29, 35, 87, 32, 43, 89, 33, 11, 22, 96, 109, 137, 53, 18, 86, 54, 90, 60, 0]]

sgb128 = [[0, 966, 1513, 2964, 1149, 927, 1611, 1510, 390, 466, 1820, 1718, 504, 1179, 308, 1017, 1167, 3250, 622, 2947, 1240, 244, 601, 1366, 1008, 1190, 315, 326, 2452, 1958, 892, 1031, 530, 2675, 1518, 1648, 1157, 417, 1222, 1583, 1998, 126, 535, 1065, 707, 1807, 844, 435, 1051, 775, 957, 671, 1003, 245, 3014, 2802, 952, 187, 666, 2909, 2174, 675, 1308, 1525, 401, 607, 1336, 1053, 1853, 1881, 640, 88, 859, 216, 1218, 1113, 745, 710, 2038, 2816, 1666, 1742, 996, 1268, 1589, 3010, 1254, 953, 128, 395, 47, 2493, 2355, 130, 1330, 218, 1133, 2269, 3104, 1715, 527, 1328, 1807, 567, 309, 562, 910, 1487, 1540, 1178, 2390, 3005, 2114, 1786, 2072, 1192, 694, 961, 1018, 168, 565, 1700, 1636, 2019, 1458, 1564, 2871, 348],
          [966, 0, 2410, 1520, 1817, 729, 686, 290, 1823, 168, 2027, 172, 1610, 1500, 1002, 1247, 1550, 2390, 3229, 2890, 2198, 1000, 393, 776, 373, 278, 962, 428, 2645, 1452, 2120, 223, 556, 2505, 1327, 3126, 1461, 862, 1566, 2101, 524, 1872, 661, 1520, 561, 2407, 1439, 460, 870, 287, 534, 291, 981, 796, 3259, 1195, 2986, 805, 829, 2793, 998, 2567, 933, 266,
              1132, 996, 735, 335, 2701, 257, 1278, 589, 947, 709, 1425, 127, 1747, 393, 2739, 1078, 1343, 191, 1726, 899, 404, 2547, 1810, 396, 850, 294, 434, 2519, 524, 2297, 1319, 1168, 1351, 1832, 846, 1407, 1293, 1752, 1002, 2152, 436, 361, 1442, 584, 1359, 766, 2836, 737, 1313, 697, 825, 963, 1855, 267, 548, 1127, 432, 2265, 558, 571, 943, 198, 1917, 2541],
          [1513, 2410, 0, 604, 481, 2742, 1833, 826, 214, 1618, 1712, 567, 544, 1313, 1270, 269, 1432, 1783, 2678, 360, 1725, 2260, 1549, 1016, 253, 1548, 434, 769, 2873, 1484, 572, 2104, 419, 2422, 1461, 542, 2941, 1221, 827, 2351, 820, 486, 1415, 1565, 1085, 1353, 2039, 1620, 1238, 290, 1244, 487, 1146, 736, 2295, 1312, 250, 2969, 182, 2678, 1096, 356, 1299, 914,
              189, 726, 516, 323, 1830, 824, 580, 1361, 915, 797, 693, 312, 656, 1046, 2093, 1054, 702, 2894, 847, 1293, 1397, 2885, 1695, 2709, 489, 1160, 341, 2341, 485, 450, 1412, 1157, 681, 1773, 1542, 977, 1918, 722, 591, 966, 1852, 509, 1189, 490, 1081, 779, 1906, 1273, 1566, 2936, 2141, 1277, 606, 1066, 752, 486, 590, 2132, 1095, 2154, 1211, 2217, 2673, 1570],
          [2964, 1520, 604, 0, 595, 1289, 1446, 466, 1139, 430, 428, 201, 452, 1574, 1068, 255, 965, 1948, 1842, 820, 1600, 1933, 1824, 1128, 305, 958, 1320, 291, 1707, 1799, 692, 1593, 2274, 2359, 943, 975, 1358, 2701, 1229, 2355, 1162, 813, 343, 1049, 1170, 1060, 1021, 2220, 586, 554, 1111, 578, 1354, 939, 2302, 709, 369, 410, 2871, 2838, 1134, 614, 1650, 2790,
           532, 796, 1803, 716, 2080, 591, 1460, 492, 2106, 967, 635, 582, 442, 477, 999, 1419, 1403, 1187, 3034, 874, 1952, 3023, 1685, 2612, 2606, 102, 1199, 2444, 90, 411, 1780, 1418, 811, 2787, 1704, 629, 489, 3042, 2112, 441, 691, 2308, 1412, 639, 1253, 187, 3108, 1384, 1567, 808, 864, 980, 1828, 1229, 1861, 861, 499, 1408, 986, 2719, 1437, 769, 1038, 2343],
          [1149, 1817, 481, 595, 0, 494, 550, 2641, 765, 934, 1813, 1516, 378, 1363, 1344, 1513, 1249, 2487, 1850, 1192, 708, 1360, 1351, 2999, 1178, 1198, 730, 1127, 2691, 921, 934, 1578, 1110, 409, 1238, 712, 1839, 1014, 2402, 1105, 387, 1157, 1047, 1064, 882, 997, 881, 1180, 1186, 1344, 1383, 443, 1414, 1109, 2352, 1379, 714, 507, 1072, 818, 929, 740, 1633, 324,
           2397, 695, 551, 809, 2462, 211, 561, 1407, 678, 1898, 1275, 670, 1087, 549, 2152, 1915, 769, 1220, 1024, 2142, 1251, 1325, 2063, 2584, 2518, 2916, 55, 1545, 213, 54, 1741, 1618, 1731, 2845, 374, 734, 712, 839, 1258, 2134, 196, 1245, 3213, 75, 944, 749, 2203, 103, 1217, 576, 1526, 2056, 291, 1205, 216, 1994, 324, 2187, 260, 2586, 1974, 2352, 2243, 691],
          [927, 729, 2742, 1289, 494, 0, 1279, 1197, 2956, 299, 888, 491, 1408, 1432, 1360, 327, 2375, 2595, 2717, 1097, 841, 468, 1909, 2698, 2007, 1034, 970, 537, 1344, 1703, 463, 1893, 1067, 2705, 1265, 961, 808, 1497, 285, 819, 1356, 483, 1362, 2101, 701, 2384, 952, 1006, 232, 1944, 740, 751, 1400, 1226, 1919, 453, 819, 715, 1172, 2595, 1900, 392, 1573, 367,
           542, 1942, 1151, 512, 1171, 593, 839, 473, 1619, 711, 704, 883, 1174, 386, 2360, 1503, 344, 1528, 413, 903, 3288, 2947, 590, 2962, 2481, 2564, 2955, 2502, 877, 152, 1374, 1579, 762, 565, 448, 1398, 916, 1972, 1266, 973, 1911, 757, 2133, 1766, 1468, 548, 1747, 836, 2217, 1367, 2127, 367, 2719, 1246, 1647, 120, 1429, 1526, 928, 1791, 1865, 2917, 543, 1943],
          [1611, 686, 1833, 1446, 550, 1279, 0, 250, 1500, 2749, 2035, 832, 240, 1252, 1220, 589, 1160, 1009, 2898, 605, 1138, 757, 1058, 1473, 1714, 3164, 719, 777, 1926, 1043, 811, 1144, 1382, 2898, 1225, 2773, 1700, 493, 326, 1856, 2772, 1230, 1018, 2416, 1501, 1519, 1935, 1053, 647, 893, 1135, 1056, 1130, 1193, 2620, 1196, 821, 929, 744, 2840, 1223, 2548, 1579, 505,
           624, 1149, 3062, 375, 2223, 983, 1221, 788, 434, 1712, 1180, 1814, 760, 474, 1656, 1417, 885, 1993, 1111, 1147, 1259, 876, 1954, 1365, 2859, 2791, 2538, 1198, 579, 806, 1477, 1212, 788, 3031, 2577, 1456, 976, 2190, 1200, 1379, 1227, 2381, 1623, 1010, 3096, 696, 2047, 1339, 1379, 783, 1042, 1148, 446, 1930, 668, 1815, 646, 342, 273, 2580, 861, 2784, 249, 246],
          [1510, 290, 826, 466, 2641, 1197, 250, 0, 637, 1305, 1061, 369, 724, 1246, 944, 203, 718, 2697, 1473, 904, 805, 1023, 572, 471, 1538, 2880, 2936, 976, 1718, 1096, 836, 1842, 890, 3126, 1418, 1039, 2688, 1356, 758, 1686, 239, 2646, 891, 1879, 1816, 315, 1247, 2116, 773, 719, 314, 1656, 1715, 1033, 2282, 249, 1091, 732, 1388, 2222, 1430, 944, 1441, 447, 694,
           972, 208, 2088, 1575, 346, 522, 1170, 922, 376, 2095, 627, 2444, 513, 1573, 1229, 1081, 1612, 2070, 1258, 557, 1983, 1549, 2853, 1271, 3040, 2830, 466, 2554, 505, 728, 1315, 735, 3057, 105, 917, 1047, 995, 1249, 935, 1079, 789, 3286, 599, 1821, 2495, 1934, 1086, 836, 837, 2244, 418, 1170, 633, 2725, 577, 1336, 2337, 1294, 1917, 1807, 1989, 345, 413],
          [390, 1823, 214, 1139, 765, 2956, 1500, 637, 0, 345, 663, 2647, 843, 1044, 1192, 1311, 1048, 2904, 2981, 2015, 913, 565, 880, 1404, 700, 1366, 2652, 2760, 2796, 1226, 278, 1266, 1361, 1960, 1646, 782, 282, 2448, 134, 1702, 750, 230, 2219, 1664, 1516, 247, 561, 1380, 1239, 766, 385, 602, 2078, 1470, 2903, 684, 1054, 1151, 525, 1865, 432, 1102, 1591, 2787,
           514, 880, 821, 865, 914, 333, 982, 464, 1103, 983, 1133, 1628, 649, 1743, 2176, 1280, 483, 1553, 1069, 1355, 1283, 2472, 885, 1199, 2750, 1342, 3014, 840, 2537, 2562, 1835, 510, 829, 2831, 58, 1739, 1427, 1069, 1929, 952, 798, 1535, 547, 2084, 1382, 1432, 560, 1309, 1028, 1204, 1339, 1083, 1098, 1388, 629, 2858, 785, 827, 1197, 725, 1127, 2778, 1071, 405],
          [466, 168, 1618, 430, 934, 299, 2749, 1305, 345, 0, 1481, 1203, 2539, 1848, 748, 416, 2175, 2589, 3128, 828, 848, 673, 1155, 1634, 537, 512, 1051, 2459, 500, 1005, 518, 1257, 1138, 2944, 500, 1097, 389, 189, 2001, 1540, 483, 744, 522, 1841, 1003, 951, 731, 373, 575, 1848, 431, 438, 1242, 1833, 1562, 251, 1075, 907, 1231, 2386, 997, 391, 1836, 748, 2405,
           1114, 988, 842, 2546, 2242, 441, 931, 976, 1224, 1474, 292, 1237, 257, 295, 642, 529, 1307, 855, 1357, 2296, 1805, 1272, 1784, 1220, 2964, 1316, 521, 2429, 2464, 1272, 1673, 623, 2934, 358, 1752, 1234, 2504, 2025, 1817, 840, 1294, 2440, 1333, 2775, 944, 1140, 3110, 1209, 899, 883, 180, 394, 152, 624, 688, 2293, 2471, 1433, 2797, 973, 2115, 281, 723],
          [1820, 2027, 1712, 428, 1813, 888, 2035, 1061, 663, 1481, 0, 239, 1071, 1887, 1618, 627, 760, 1394, 2880, 386, 1015, 1056, 1263, 738, 833, 1527, 268, 1321, 238, 2026, 722, 1349, 800, 1597, 1464, 1168, 201, 207, 1318, 418, 658, 380, 603, 1337, 1701, 1511, 1167, 296, 932, 1093, 1622, 541, 707, 997, 1666, 1765, 791, 1017, 391, 1777, 479, 1032, 952, 867, 812,
           2149, 228, 821, 2644, 667, 1745, 475, 1086, 768, 1856, 899, 614, 1289, 2148, 2521, 1024, 1358, 1395, 1310, 1194, 1354, 605, 2171, 1681, 905, 2938, 1221, 2873, 2437, 1659, 1425, 771, 2035, 236, 1442, 1252, 629, 703, 1875, 1594, 1313, 2124, 1238, 837, 2568, 1645, 2030, 1658, 1292, 1183, 456, 550, 1349, 1156, 696, 293, 701, 1214, 1225, 2076, 923, 804, 272],
          [1718, 172, 567, 201, 1516, 491, 832, 369, 2647, 1203, 239, 0, 353, 724, 1774, 605, 1515, 2690, 1858, 703, 1222, 775, 534, 234, 795, 1757, 1285, 198, 3156, 2152, 2347, 1038, 1000, 2179, 195, 1191, 1005, 458, 1350, 2115, 2416, 620, 585, 1009, 974, 2991, 852, 1200, 1247, 271, 136, 1684, 589, 462, 2095, 2365, 1552, 624, 815, 2654, 646, 206, 927, 595, 1019,
           865, 3026, 829, 2661, 803, 1305, 1699, 1053, 1172, 470, 1218, 682, 115, 2996, 843, 1048, 720, 1483, 810, 980, 1822, 827, 1504, 2068, 1991, 870, 456, 1347, 2815, 1222, 1666, 2414, 3040, 1123, 1545, 1020, 664, 2028, 483, 1652, 2137, 2121, 1208, 2310, 749, 185, 1520, 423, 3041, 1070, 296, 1053, 446, 771, 1265, 898, 1860, 2158, 2866, 1433, 2995, 1948, 457],
          [504, 1610, 544, 452, 378, 1408, 240, 724, 843, 2539, 1071, 353, 0, 1284, 416, 2442, 1459, 1765, 2935, 1815, 907, 982, 1365, 1795, 905, 750, 1489, 1165, 2383, 1330, 2176, 2114, 586, 1971, 699, 1539, 83, 765, 1665, 2291, 943, 2290, 380, 1642, 857, 1236, 2370, 1228, 1130, 504, 1086, 807, 2579, 344, 2552, 1311, 1916, 1654, 69, 2473, 747, 878, 1127, 1064, 202,
           1110, 1230, 2178, 2477, 831, 1399, 1254, 1913, 1030, 1617, 678, 721, 558, 2125, 229, 869, 2599, 898, 779, 1636, 2030, 622, 1394, 1401, 2378, 1974, 2373, 2764, 1217, 1933, 1308, 1801, 1045, 160, 646, 1123, 979, 2054, 2141, 736, 2195, 3003, 1313, 1327, 1722, 2937, 3183, 640, 1865, 969, 343, 800, 402, 626, 663, 728, 2318, 504, 139, 2093, 1423, 369, 1618],
          [1179, 1500, 1313, 1574, 1363, 1432, 1252, 1246, 1044, 1848, 1887, 724, 1284, 0, 1054, 998, 3280, 2912, 2213, 413, 646, 667, 1572, 358, 857, 285, 435, 1395, 1650, 1287, 1082, 2334, 2361, 3136, 491, 990, 1363, 444, 884, 2521, 828, 909, 1833, 962, 1046, 1747, 1057, 2708, 659, 913, 1430, 445, 1026, 2334, 2678, 1106, 1002, 2064, 1800, 2922, 462, 348, 488, 454, 868,
           405, 1327, 885, 325, 598, 1393, 1326, 1427, 1705, 1028, 1088, 1340, 951, 2375, 1127, 1844, 951, 2739, 400, 1724, 1762, 830, 1521, 1300, 1711, 2417, 669, 1310, 2706, 1073, 1936, 2236, 1021, 2879, 1748, 227, 958, 1983, 2167, 1841, 230, 3061, 1901, 1174, 1481, 668, 458, 1252, 1340, 402, 2146, 1023, 487, 994, 721, 888, 1384, 1400, 2251, 1597, 3064, 1879, 533],
          [308, 1002, 1270, 1068, 1344, 1360, 1220, 944, 1192, 748, 1618, 1774, 416, 1054, 0, 85, 1794, 117, 3213, 1155, 1008, 854, 1257, 791, 1007, 2003, 210, 465, 1763, 471, 424, 1330, 2457, 710, 1658, 1230, 773, 1123, 1569, 1367, 1143, 891, 1126, 1457, 667, 799, 1524, 1182, 2032, 960, 782, 760, 1056, 781, 680, 1125, 479, 1104, 2400, 1329, 1030, 496, 1395, 1082, 127,
           374, 937, 1106, 2695, 2206, 1236, 1305, 918, 1525, 1291, 931, 836, 639, 2757, 520, 789, 106, 911, 1847, 1198, 1808, 896, 1732, 1418, 1371, 1750, 809, 1695, 1236, 1795, 869, 2252, 641, 2622, 1516, 1243, 1462, 2077, 1861, 1867, 2297, 709, 2031, 2458, 1485, 1603, 2337, 2001, 2932, 783, 1098, 2824, 80, 726, 1127, 211, 2574, 262, 2748, 1391, 131, 328, 1581],
          [1017, 1247, 269, 255, 1513, 327, 589, 203, 1311, 416, 627, 605, 2442, 998, 85, 0, 1252, 1461, 505, 1127, 111, 768, 394, 425, 1214, 206, 1775, 172, 2480, 204, 627, 1428, 921, 246, 1745, 63, 1013, 533, 1040, 2354, 861, 1206, 1246, 2180, 1300, 1653, 501, 1657, 701, 2440, 1180, 770, 1349, 919, 2263, 2300, 388, 590, 1346, 848, 1166, 365, 1214, 549, 689, 696,
           1580, 143, 2940, 938, 1603, 1185, 765, 1089, 1940, 1688, 1002, 747, 1451, 333, 1179, 1236, 976, 646, 2993, 2305, 979, 1802, 1626, 1728, 1345, 1010, 2016, 1637, 2277, 1818, 554, 377, 2754, 1084, 1925, 635, 1171, 1964, 1638, 2323, 3202, 778, 2450, 2324, 1765, 2021, 819, 261, 1042, 652, 1744, 1883, 1081, 859, 562, 1673, 1283, 1767, 2249, 2449, 2812, 558],
          [1167, 1550, 1432, 965, 1249, 2375, 1160, 718, 1048, 2175, 760, 1515, 1459, 3280, 1794, 1252, 0, 2358, 1752, 2920, 1230, 170, 1358, 1574, 899, 672, 109, 1582, 2588, 1174, 854, 694, 945, 3496, 1272, 2903, 1094, 773, 980, 1184, 1194, 735, 1488, 2300, 1580, 2738, 1363, 626, 835, 895, 2441, 904, 233, 1232, 2613, 1515, 2316, 499, 1065, 1745, 1824, 1447, 1663, 744, 414,
           244, 677, 622, 1970, 1145, 1426, 1686, 1431, 979, 2019, 1441, 2355, 593, 2518, 1625, 1572, 636, 970, 1000, 1159, 945, 1383, 1848, 1708, 1936, 1767, 1472, 1415, 2024, 821, 2059, 2176, 1759, 3098, 1298, 1526, 3235, 2037, 1065, 1741, 2181, 3228, 2000, 1035, 2382, 435, 2018, 320, 2268, 2073, 2234, 1234, 998, 2830, 1190, 308, 1138, 414, 2969, 709, 2946, 624, 2482],
          [3250, 2390, 1783, 1948, 2487, 2595, 1009, 2697, 2904, 2589, 1394, 2690, 1765, 2912, 117, 1461, 2358, 0, 2659, 1434, 1777, 990, 433, 715, 658, 373, 357, 305, 1002, 1540, 375, 411, 705, 2636, 2018, 2880, 2996, 799, 1166, 1620, 1207, 1160, 564, 2542, 1700, 354, 2117, 1514, 477, 1370, 240, 2383, 1881, 82, 2853, 373, 864, 2376, 1002, 2224, 836, 2047, 278, 319,
           412, 983, 1420, 394, 2058, 188, 1671, 1338, 2350, 1490, 1980, 1123, 1045, 1920, 1870, 331, 126, 499, 754, 981, 1380, 2151, 1370, 2282, 1754, 1779, 1975, 1094, 1376, 1357, 832, 801, 926, 250, 1400, 1435, 1771, 2279, 1629, 2150, 842, 2284, 3047, 2026, 2851, 194, 509, 2900, 538, 1575, 196, 929, 2897, 587, 1685, 2963, 653, 1438, 653, 2064, 2170, 1965, 945, 280],
          [622, 3229, 2678, 1842, 1850, 2717, 2898, 1473, 2981, 3128, 2880, 1858, 2935, 2213, 3213, 505, 1752, 2659, 0, 899, 509, 1985, 1580, 935, 1000, 1801, 73, 663, 2690, 1507, 677, 1288, 511, 2029, 1156, 386, 2695, 2746, 871, 1558, 750, 1081, 1365, 1552, 1942, 169, 558, 2455, 612, 339, 418, 614, 3353, 1674, 3035, 51, 694, 1017, 2371, 2295, 791, 993, 977, 1651, 549,
           824, 475, 381, 2027, 859, 715, 1583, 682, 2142, 1871, 1021, 476, 1100, 848, 973, 1349, 1701, 516, 539, 1163, 3125, 1126, 1265, 2179, 1825, 1753, 1035, 1398, 1246, 471, 895, 1212, 2928, 3022, 481, 1945, 3009, 535, 1105, 1850, 1385, 3150, 1955, 2812, 2484, 2399, 2958, 902, 1512, 1097, 1388, 441, 2108, 1167, 1818, 2398, 1412, 569, 1608, 1293, 3166, 1208, 1012],
          [2947, 2890, 360, 820, 1192, 1097, 605, 904, 2015, 828, 386, 703, 1815, 413, 1155, 1127, 2920, 1434, 899, 0, 676, 551, 1403, 302, 212, 636, 1573, 273, 2897, 1593, 1300, 1681, 800, 2164, 767, 883, 1439, 2455, 2088, 2378, 950, 624, 702, 2419, 901, 146, 751, 195, 1657, 1227, 622, 1084, 741, 3108, 1430, 1120, 989, 557, 1524, 637, 917, 759, 675, 2197, 1258,
           1156, 910, 670, 1619, 148, 874, 627, 927, 896, 1029, 1406, 323, 999, 2841, 2884, 958, 485, 1663, 866, 1072, 2050, 2165, 2025, 1286, 2322, 1799, 786, 1574, 1374, 1397, 414, 1876, 1159, 963, 1326, 367, 3025, 1366, 748, 1390, 2306, 2251, 2049, 2502, 2510, 94, 606, 892, 2615, 1301, 1217, 2051, 1195, 2793, 1300, 1253, 1003, 227, 1908, 1095, 2262, 431, 861],
          [1240, 2198, 1725, 1600, 708, 841, 1138, 805, 913, 848, 1015, 1222, 907, 646, 1008, 111, 1230, 1777, 509, 676, 0, 436, 156, 2750, 1222, 1117, 321, 1380, 2582, 1308, 751, 1707, 1198, 2733, 1075, 1164, 462, 1146, 2186, 645, 415, 824, 754, 1521, 1819, 1055, 932, 509, 1011, 2187, 270, 58, 1144, 496, 175, 1410, 168, 842, 316, 1826, 1575, 793, 1129, 1193, 1858,
           727, 197, 489, 2295, 638, 786, 786, 727, 1141, 1998, 2083, 1168, 934, 2939, 42, 1262, 1051, 751, 1265, 920, 2460, 841, 3064, 1922, 971, 2296, 837, 1750, 1582, 344, 1193, 1167, 950, 1954, 1824, 1837, 1327, 1224, 857, 888, 1242, 3211, 1179, 2605, 2368, 127, 3099, 1511, 2673, 859, 1237, 1735, 1262, 434, 2961, 742, 497, 2028, 1795, 1344, 1806, 657, 661],
          [244, 1000, 2260, 1933, 1360, 468, 757, 1023, 565, 673, 1056, 775, 982, 667, 854, 768, 170, 990, 1985, 551, 436, 0, 1026, 1306, 1766, 98, 889, 563, 1387, 1427, 827, 1687, 1663, 2841, 1253, 1053, 1401, 69, 1206, 648, 2557, 511, 869, 1772, 860, 322, 591, 497, 1131, 268, 2040, 941, 945, 899, 2536, 2890, 1596, 328, 178, 2639, 1133, 2029, 1255, 741, 804,
           1262, 1989, 872, 1957, 414, 353, 735, 73, 781, 2243, 985, 2763, 1065, 2956, 691, 1691, 2960, 1191, 618, 1889, 2853, 1434, 1758, 2961, 2168, 936, 201, 1830, 1654, 390, 326, 583, 1500, 2341, 274, 1415, 2949, 758, 1001, 1166, 387, 1467, 2009, 1706, 2471, 419, 3125, 1328, 624, 989, 2035, 1732, 1180, 2057, 306, 2439, 1023, 1226, 537, 784, 2106, 1105, 322],
          [601, 393, 1549, 1824, 1351, 1909, 1058, 572, 880, 1155, 1263, 534, 1365, 1572, 1257, 394, 1358, 433, 1580, 1403, 156, 1026, 0, 386, 298, 2932, 408, 696, 2683, 1415, 620, 1366, 1176, 1255, 1361, 655, 1631, 1086, 1153, 2738, 2526, 2486, 1046, 1822, 1146, 1413, 673, 772, 1373, 461, 1182, 2102, 1144, 738, 2366, 1307, 3074, 1577, 993, 2889, 740, 1168, 761, 678,
           600, 199, 2589, 950, 2578, 260, 1054, 265, 1013, 160, 1320, 1230, 259, 2062, 2772, 838, 1696, 175, 2768, 379, 1155, 1362, 1805, 2333, 1655, 3142, 2142, 2078, 2193, 1700, 1030, 453, 1226, 2027, 1674, 967, 799, 241, 1146, 869, 1254, 932, 1019, 1701, 2906, 1572, 413, 2944, 1289, 3008, 1535, 2093, 2614, 1215, 1437, 2190, 665, 808, 815, 1010, 1260, 1993, 851, 807],
          [1366, 776, 1016, 1128, 2999, 2698, 1473, 471, 1404, 1634, 738, 234, 1795, 358, 791, 425, 1574, 715, 935, 302, 2750, 1306, 386, 0, 668, 1488, 2704, 490, 1758, 1227, 1101, 1521, 889, 2943, 357, 967, 711, 1316, 469, 2033, 773, 2400, 2003, 1923, 1161, 823, 828, 238, 374, 686, 1214, 524, 2997, 899, 2334, 1788, 579, 3057, 1479, 2641, 980, 72, 889, 2252, 639,
           403, 1535, 1550, 1335, 700, 862, 1003, 607, 1072, 1362, 697, 504, 961, 30, 140, 1636, 841, 821, 2484, 1483, 2630, 471, 2704, 2230, 1965, 3116, 433, 1376, 2135, 1118, 925, 1434, 1537, 1429, 303, 1387, 1985, 1670, 892, 569, 751, 1163, 568, 236, 2493, 1184, 3047, 946, 2969, 958, 374, 2672, 1925, 1412, 1605, 1625, 2365, 2336, 1506, 1053, 429, 1133, 554],
